1 0.415625 0.13828125 0.1375 0.11015625
1 0.22890625 0.30859375 0.1140625 0.11796875
1 0.3359375 0.3515625 0.078125 0.1046875
1 0.13671875 0.47421875 0.10546875 0.14296875
1 0.290625 0.58515625 0.096875 0.12890625
1 0.40390625 0.51875 0.10390625 0.19453125
1 0.53125 0.6046875 0.09765625 0.06796875
1 0.80078125 0.596875 0.1078125 0.19140625
1 0.14609375 0.66171875 0.14765625 0.11328125
1 0.4046875 0.80078125 0.18046875 0.18046875
1 0.5671875 0.8296875 0.146875 0.0765625
1 0.91328125 0.87421875 0.1203125 0.184375
1 0.76015625 0.31484375 0.1609375 0.08125
1 0.58359375 0.365625 0.2921875 0.3125
1 0.8796875 0.1390625 0.2125 0.24921875
1 0.83828125 0.4390625 0.0921875 0.09921875
1 0.915625 0.3625 0.09375 0.03984375
1 0.2265625 0.78828125 0.10078125 0.11875
