0 0.06171875 0.42578125 0.0296875 0.0609375
0 0.0984375 0.4484375 0.0265625 0.07421875
0 0.2421875 0.41484375 0.05078125 0.07421875
0 0.65625 0.578125 0.06796875 0.090625
0 0.7484375 0.32109375 0.028125 0.05390625
0 0.6765625 0.18984375 0.03125 0.03125
0 0.63203125 0.34296875 0.046875 0.04765625
0 0.69296875 0.3359375 0.05078125 0.05625
0 0.50546875 0.36953125 0.090625 0.065625
0 0.56875 0.33359375 0.02265625 0.0515625
0 0.40234375 0.4171875 0.04921875 0.065625
0 0.3359375 0.3953125 0.0421875 0.06328125
0 0.29140625 0.41953125 0.02265625 0.07421875
0 0.38359375 0.38203125 0.04375 0.05