1 0.45859375 0.20234375 0.1265625 0.1453125
1 0.63984375 0.33515625 0.1078125 0.16171875
1 0.7640625 0.2453125 0.14921875 0.1484375
1 0.9484375 0.2 0.084375 0.103125
1 0.2234375 0.08203125 0.096875 0.10859375
1 0.0609375 0.08828125 0.103125 0.11640625
1 0.07265625 0.31875 0.0796875 0.11171875
1 0.11484375 0.20703125 0.0859375 0.0875
1 0.36015625 0.34296875 0.09609375 0.13984375
1 0.515625 0.4375 0.09609375 0.1203125
1 0.1859375 0.45078125 0.09453125 0.084375
1 0.0984375 0.61640625 0.09453125 0.153125
1 0.1078125 0.76328125 0.08828125 0.10703125
1 0.21953125 0.5875 0.0765625 0.13515625
1 0.315625 0.52734375 0.05234375 0.18828125
1 0.50703125 0.7375 0.1546875 0.16171875
1 0.640625 0.58828125 0.08984375 0.08671875
1 0.8140625 0.52421875 0.11875 0.13828125
1 0.88515625 0.7984375 0.1484375 0.159375
1 0.83203125 0.95234375 0.0921875 0.0828125
1 0.625 0.92265625 0.10625 0.08125
1 0.04140625 0.821875 0.0609375 0.07734375
