1 0.053125 0.34765625 0.07734375 0.09453125
1 0.06640625 0.57265625 0.0703125 0.1890625
1 0.140625 0.38359375 0.0671875 0.15078125
1 0.1703125 0.60234375 0.053125 0.13046875
1 0.2015625 0.3984375 0.0328125 0.11484375
1 0.246875 0.41484375 0.0328125 0.0921875
1 0.23125 0.6375 0.05390625 0.11875
1 0.3015625 0.65703125 0.03359375 0.10234375
1 0.296875 0.44765625 0.02265625 0.07265625
1 0.4 0.47734375 0.03203125 0.05703125
1 0.50390625 0.528125 0.03359375 0.084375
1 0.44765625 0.50625 0.03359375 0.059375
1 0.440625 0.74140625 0.0734375 0.16875
1 0.5953125 0.7625 0.0609375 0.11015625
1 0.56171875 0.54921875 0.053125 0.0984375
1 0.64296875 0.5640625 0.040625 0.05859375
1 0.7015625 0.58828125 0.05 0.0671875
1 0.790625 0.61796875 0.05234375 0.0515625
1 0.67890625 0.8 0.0328125 0.07265625
1 0.7296875 0.81015625 0.046875 0.09140625
1 0.85390625 0.85390625 0.11171875 0.1125
1 0.90390625 0.65234375 0.05 0.12109375
1 0.9734375 0.671875 0.05234375 0.0703125
