0 0.35390625 0.228125 0.05078125 0.034375
0 0.35546875 0.27109375 0.0578125 0.03046875
0 0.3671875 0.33515625 0.05234375 0.02421875
0 0.3015625 0.9 0.03671875 0.02890625
0 0.38046875 0.87109375 0.046875 0.0265625
0 0.46015625 0.84453125 0.04921875 0.03046875
0 0.55078125 0.815625 0.0453125 0.0265625
0 0.63671875 0.7796875 0.05625 0.02421875
0 0.71484375 0.76484375 0.03828125 0.03046875
0 0.81875 0.72265625 0.03984375 0.02890625
0 0.91484375 0.709375 0.0265625 0.034375
0 0.359375 0.815625 0.0296875 0.034375
0 0.390625 0.7515625 0.03671875 0.02890625
0 0.3984375 0.37109375 0.0421875 0.0265625
0 0.41328125 0.42109375 0.0296875 0.02421875
0 0.41484375 0.38828125 0.03359375 0.02421875
0 0.41171875 0.4546875 0.03359375 0.03046875
0 0.40703125 0.49609375 0.03125 0.0203125
0 0.39296875 0.5390625 0.05234375 0.0328125
0 0.41015625 0.69453125 0.04375 0.02890625
0 0.375 0.67109375 0.03671875 0.0265625
0 0.3796875 0.63984375 0.05234375 0.0265625
0 0.39609375 0.575 0.03671875 0.0265625