0 0.4546875 0.45078125 0.04921875 0.05546875
0 0.6328125 0.5671875 0.06328125 0.075
0 0.77109375 0.4609375 0.04921875 0.03515625
0 0.70625 0.41953125 0.03125 0.0390625
0 0.82421875 0.4125 0.0296875 0.0609375
0 0.92421875 0.40859375 0.03984375 0.0453125
0 0.20078125 0.37578125 0.03828125 0.03515625
0 0.1046875 0.43046875 0.03515625 0.03359375
0 0.071875 0.41015625 0.0453125 0.0453125
0 0.115625 0.63046875 0.06640625 0.07109375
0 0.309375 0.609375 0.08046875 0.0375
0 0.17109375 0.83671875 0.05234375 0.128125
0 0.22734375 0.42109375 0.05625 0.04375