0 0.18828125 0.14140625 0.134375 0.12890625
0 0.5703125 0.12734375 0.13671875 0.21015625
0 0.69921875 0.43359375 0.1640625 0.2265625
0 0.9375 0.62265625 0.125 0.2484375
0 0.78828125 0.83828125 0.1015625 0.11015625
0 0.590625 0.659375 0.15 0.1578125
0 0.48671875 0.3625 0.15234375 0.15
0 0.3265625 0.321875 0.12578125 0.08828125
0 0.275 0.47421875 0.16640625 0.140625
0 0.1171875 0.49453125 0.13671875 0.1
0 0.371875 0.690625 0.103125 0.0765625
0 0.3375 0.7796875 0.1609375 0.1171875
0 0.74453125 0.2765625 0.115625 0.13125